1.003		0		2
0.999997	0.00126		2
0.999312	0.001354	2
0.997258	0.001637	2
0.993841	0.002108	2
0.989071	0.002764	2
0.982963	0.003604	2
0.975533	0.004625	2
0.966803	0.005823	2
0.956798	0.007194	2
0.945547	0.008733	2
0.933082	0.010435	2
0.919438	0.012296	2
0.904653	0.014307	2
0.888769	0.016464	2
0.87183		0.018759	2
0.853884	0.021184	2
0.83498		0.023731	2
0.815169	0.026391	2
0.794507	0.029153	2
0.773049	0.032008	2
0.750855	0.034943	2
0.727983	0.037946	2
0.704497	0.041003	2
0.680458	0.044098	2
0.655933	0.047215	2
0.630985	0.050336	2
0.605683	0.053443	2
0.580094	0.056516	2
0.554286	0.059534	2
0.528328	0.062473	2
0.50229		0.065313	2
0.47624		0.068029	2
0.45025		0.070599	2
0.424388	0.072998	2
0.398725	0.075204	2
0.373329	0.077194	2
0.34827		0.078948	2
0.323614	0.080447	2
0.299332	0.081663	2
0.275377	0.082518	2
0.251837	0.08292		2
0.228804	0.082793	2
0.206376	0.082077	2
0.184653	0.080733	2
0.163736	0.078741	2
0.143728	0.076102	2
0.124726	0.072835	2
0.106827	0.06898		2
0.090117	0.064594	2
0.074674	0.059745	2
0.060568	0.054517	2
0.047855	0.048997	2
0.036581	0.043279	2
0.026779	0.037454	2
0.018472	0.031612	2
0.01167		0.025834	2
0.006375	0.020194	2
0.002579	0.014751	2
0.000268	0.009552	2
-0.000583	0.00463		2
0		0		2
0.001953	-0.004237	2
0.005211	-0.007994	2
0.009732	-0.011291	2
0.015477	-0.01416	2
0.022404	-0.016637	2
0.030472	-0.018765	2
0.03964		-0.020591	2
0.049873	-0.022162	2
0.061138	-0.023529	2
0.073407	-0.02474	2
0.086655	-0.025841	2
0.100866	-0.026875	2
0.116027	-0.027879	2
0.132129	-0.028888	2
0.149166	-0.029925	2
0.167133	-0.031011	2
0.186027	-0.032153	2
0.205839	-0.03335	2
0.226557	-0.03459	2
0.248163	-0.035848	2
0.270632	-0.037084	2
0.293931	-0.038245	2
0.318018	-0.039264	2
0.342713	-0.040071	2
0.367852	-0.040656	2
0.393363	-0.041023	2
0.419177	-0.04118	2
0.445221	-0.041134	2
0.471424	-0.040894	2
0.49771		-0.040468	2
0.524008	-0.039867	2
0.550242	-0.039099	2
0.57634		-0.038175	2
0.602228	-0.037105	2
0.627834	-0.0359		2
0.653084	-0.034571	2
0.67791		-0.033128	2
0.70224		-0.031584	2
0.726007	-0.02995	2
0.749145	-0.02824	2
0.77159		-0.026466	2
0.793278	-0.024643	2
0.814151	-0.022785	2
0.834151	-0.020907	2
0.853223	-0.019025	2
0.871314	-0.017155	2
0.888377	-0.015314	2
0.904364	-0.01352	2
0.919233	-0.011788	2
0.932943	-0.010137	2
0.945459	-0.008583	2
0.956747	-0.007142	2
0.966777	-0.005829	2
0.975524	-0.00466	2
0.982963	-0.003647	2
0.989076	-0.002801	2
0.993847	-0.002133	2
0.997264	-0.00165	2
0.999318	-0.001358	2
1.000003	-0.00126	2
1.003		0		2