0.31 0.6256688941082148 3.69143443354095 0.16817581532873252 0.4176719806448833 0.030049242002894196 0.7534314654058025 0.1209528716776613 8.133695623406792 8.628155573429762 11.996796225244122 
0.7368965517241379 0.4095784183568818 0.8805170803048136 0.6385606990883405 0.6335827278180328 0.242555294386072 3.5679806094441724 0.24096284676260663 5.324519438639463 4.892213745465737 12.9645523004541 
1.1637931034482758 0.38160567438981463 0.4222155982794341 0.741807377126328 0.5722721907003576 0.3529701598961068 4.329408411133226 0.18513430557270874 4.96087376706759 3.7048545918841667 14.844836187745242 
1.5906896551724137 0.3755289125454764 0.24940626318754897 0.7821623584540179 0.4964934667300682 0.4147467884258267 4.388017896256545 0.13728309371459266 4.881875863091193 2.991258368081526 17.042518758342165 
2.0175862068965515 0.37439918489542456 0.16394256788164996 0.8069168951067335 0.43057782252567317 0.45329148803069114 4.187152462058729 0.10328108663831874 4.867189403640519 2.4939339533317626 19.484641679925204 
2.444482758620689 0.37306724416828174 0.11510011449437603 0.8268444414270356 0.3775321821219575 0.4797224031108926 3.89694208216076 0.07933614552864998 4.849874174187662 2.12140627188171 22.109376926199033 
2.8713793103448273 0.3713457000426965 0.08477120044961887 0.8434426125000581 0.33488208827035026 0.49864608251599696 3.5917053565199146 0.06225070291755501 4.827494100555055 1.835270206670885 24.86630664923774 
3.2982758620689654 0.36951128946361356 0.0647987078785389 0.8570601053619477 0.3001783243408064 0.5125360396835545 3.3021390950045957 0.04982444969057191 4.803646763026976 1.6114411021388613 27.719360366235893 
3.725172413793103 0.36782806960567993 0.05103380194701228 0.8680589383318718 0.27151557570906454 0.5229144192487524 3.039441674724059 0.040605191203450325 4.781764904873839 1.4333934528760874 30.643126188536172 
4.15206896551724 0.36637691252863813 0.04118708983544874 0.8767585339871065 0.24752623701617107 0.5307582270402422 2.8054349423171208 0.033625578717258874 4.762899862872295 1.2893973696085277 33.6199461952999 
4.578965517241378 0.365257685927889 0.03392563148049902 0.88345565690898 0.22717504601474112 0.5367108914800671 2.5986767372410124 0.028243532215306434 4.748349917062557 1.1712684030943241 36.63719142864016 
5.005862068965516 0.3644859187051612 0.028430754075241222 0.8883711161035158 0.2097107890928925 0.541204326362032 2.4161942305588044 0.024020779033012647 4.738316943167096 1.0730707873910896 39.68585247425692 
5.432758620689654 0.36399201585080554 0.024178644990482105 0.8916449031609681 0.1945889734922971 0.5445312298892678 2.254549570275528 0.02065254147511493 4.731896206060472 0.9904065016651723 42.759430374037066 
5.859655172413792 0.3638585909700469 0.020828438218378778 0.8934061593948711 0.181348222522138 0.5468886997659594 2.111105679366242 0.017929659364228558 4.73016168261061 0.9202162122164536 45.852897439941366 
6.28655172413793 0.36409479168587877 0.01814656555213357 0.8937043197143111 0.16965124879080892 0.5484047185800592 1.9832447894403955 0.01569993856193911 4.7332322919164245 0.8601378310423828 48.96254161217364 
6.713448275862068 0.36464655932492085 0.01596908265722993 0.8925111473570188 0.15924958373172735 0.5491561024704326 1.8684975528579448 0.013850996205831684 4.740405271223971 0.8083263392231149 52.08559576154099 
7.140344827586206 0.36561844615885375 0.014181978038766516 0.8897824336917748 0.14990885632898074 0.549167805466045 1.7651853943727596 0.012302836823196838 4.753039800065099 0.7635141823442693 55.21975224231284 
7.567241379310343 0.36705802807174703 0.012701498287274736 0.885385866529799 0.14145452298075828 0.5484311636681872 1.6716645063179973 0.010993744973342516 4.771754364932711 0.7246923146826169 58.36328175185678 
7.994137931034481 0.3689820453409124 0.01146529184640401 0.8790938844758578 0.13375212118138166 0.5468911300664742 1.586389882619521 0.009875803002407119 4.796766589431861 0.6910633574488283 61.51486260217962 
8.42103448275862 0.3715126344397476 0.010428173130011632 0.8706042170923957 0.12667074940538312 0.5444424225505109 1.5082064566179323 0.008913114263209758 4.829664247716718 0.662117082742195 64.67338555393889 
8.847931034482757 0.37478309677831834 0.009556198911856656 0.8594776814821143 0.12010070313401791 0.5409155528591658 1.4360077456154423 0.008076983165688728 4.872180258118139 0.6375115012928244 67.83800578905027 
9.274827586206897 0.37895296239633147 0.008824145334606435 0.8450895682718158 0.11394627003183075 0.5360522131874947 1.3686923492415046 0.007344024528114618 4.926388511152309 0.6170773585852213 71.00810715031893 
9.701724137931034 0.3843482453615379 0.008215112227120644 0.8265959370616065 0.10809833244010617 0.5294625503935243 1.305346303186343 0.0066959306360100685 4.996527189699993 0.6009295171710742 74.18320894632146 
10.128620689655172 0.39136967832667025 0.007718339184633417 0.8027638031044031 0.1024526251143252 0.5205486887392566 1.244816019567004 0.006116302905117282 5.087805818246713 0.5894341333284185 77.36310240872474 
10.55551724137931 0.4005456393269331 0.0073297881375743775 0.7717358983171384 0.09690024769357547 0.5083593345969444 1.1854726354003011 0.005589154799201418 5.20709331125013 0.5833538328783238 80.54794184924799 
10.982413793103447 0.41296642343763157 0.007057229540044034 0.7307135333217822 0.09126099370319118 0.49128720984828855 1.1253295565578751 0.005099364390104141 5.36856350468921 0.5843770620200625 83.73829436660529 
11.409310344827585 0.4304264087139392 0.006926246151377175 0.6749180437522925 0.08527476657164322 0.46635121029876603 1.0604628469836088 0.004625622515852201 5.59554331328121 0.5958245995798089 86.93589605758247 
11.836206896551722 0.4565193428177807 0.0070067642873146594 0.5950053605794933 0.07845651676780542 0.42711329445699153 0.9816264780222131 0.004127317134904511 5.934751456631149 0.625303947226878 90.14550111684362 
12.263103448275862 0.5009660747193869 0.007530348859414746 0.4668430378507763 0.06952695297745863 0.3549869213427983 0.8577157619173069 0.0034807843950527303 6.51255897135203 0.6962682674175391 93.38350685232226 
12.69 0.6369711448487733 0.01097540486381035 0.08850432045729728 0.04875025980016503 0.0764090723716721 0.24471189681475333 0.0009596825219940111 8.280624883034053 1.0501305332979944 96.84553456060846 
