0.31 0.6245172998943277 3.688636725887823 0.16778718315144805 0.41903369086904396 0.030049240837932346 0.687468193195703 0.12058083577998849 8.11872489862626 8.621616365619154 11.9969029081583 
0.7368965517241379 0.4095783934455448 0.8805170610669611 0.6385606861031119 0.6335827528303273 0.24255529438824186 3.567980428210143 0.24096283463545987 5.324519114792082 4.892213638578899 12.964552406042042 
1.1637931034482758 0.38165827071547465 0.4222389126554705 0.7418295142242823 0.5722260056623846 0.3529701608122914 4.329834509584228 0.18515252670629037 4.96155751930117 3.7050591707141938 14.844637905750474 
1.5906896551724137 0.3755282493664607 0.24940607549209234 0.782162116296024 0.49649397444181315 0.4147467883488631 4.388012716160841 0.13728293075971976 4.881867241763989 2.991256116952793 17.04252088574969 
2.0175862068965515 0.37436270989961984 0.1639356169261781 0.8069040614387365 0.430602202101496 0.45329148709041206 4.186886485049072 0.10327452534610793 4.866715228695058 2.4938282137176815 19.48474351621803 
2.444482758620689 0.37309886367441536 0.11510439610354826 0.8268553889880473 0.37751358379485106 0.47972240401054245 3.897152445101869 0.07934042771321297 4.8502852277674 2.12148518607386 22.109298761173267 
2.8713793103448273 0.3713157575118392 0.08476818311435784 0.843432461036258 0.33489773586427785 0.4986460815703491 3.591524740078929 0.06224757215289489 4.82710484765391 1.8352048822979996 24.86637288774506 
3.2982758620689654 0.36948350840918776 0.06479654719804202 0.8570509190689324 0.30019134382617296 0.5125360387971123 3.3019870058474154 0.04982215461348444 4.803285609319441 1.611387369441478 27.71941582835384 
3.725172413793103 0.367828431970899 0.05103382433294449 0.8680590551009074 0.27151542210855995 0.522914419227575 3.039443497583884 0.040605215348455605 4.781769615621687 1.4333940816328614 30.64312553087521 
4.15206896551724 0.36637719543091307 0.04118710404783093 0.8767586229605032 0.24752612771650945 0.5307582270747924 2.8054362474366945 0.03362559420249741 4.76290354060187 1.2893978145394096 33.61994572560306 
4.578965517241378 0.3652837151963628 0.03392671498416059 0.883463672564977 0.22716581736418293 0.5367108923797324 2.5987861431720116 0.02824472116543763 4.748688297552716 1.171305810610354 36.63715166448484 
5.005862068965516 0.36446046021705925 0.028429861910565877 0.8883634052501652 0.20971912251817304 0.5412043254472694 2.416095258110984 0.02401979499905838 4.73798598282177 1.0730371141424617 39.68588843847106 
5.432758620689654 0.36399224867128555 0.02417865195189651 0.8916449728900671 0.19458890275508395 0.544531229918201 2.2545504194221992 0.020652549183936803 4.731899232726712 0.9904067868188725 42.75943006856311 
5.859655172413792 0.363883664517225 0.020829085070875893 0.8934136297520937 0.1813411179459352 0.5468887006020469 2.1111903138355497 0.01793037811399753 4.7304876387239245 0.9202447906508285 45.85286676279536 
6.28655172413793 0.3640699626917805 0.018146007397555362 0.8936969133451083 0.16965783769899875 0.5484047177244801 1.983166207022583 0.01569931644225973 4.732909514993146 0.860111374803768 48.962570034019954 
6.713448275862068 0.36464663587525037 0.015969084169754774 0.8925111703717312 0.1592495646342584 0.5491561024801227 1.868497784678736 0.013850997896756237 4.740406266378255 0.8083264157844113 52.08559567932463 
7.140344827586206 0.3656431144931507 0.014182409606935172 0.8897899592369273 0.1499030511260047 0.549167806336336 1.7652548390602238 0.012303320814146736 4.753360488410959 0.7635374166502679 55.219727322802655 
7.567241379310343 0.36705808230155235 0.012701499133023928 0.8853858834289472 0.14145451090554362 0.5484311636651 1.671664652743644 0.010993745924932134 4.7717550699201805 0.7246923629373917 58.36328170023817 
7.994137931034481 0.368982832302053 0.011465302856178484 0.8790941365852476 0.13375195491886477 0.5468911300239736 1.5863918800188574 0.009875815431457817 4.796776819926689 0.6910640210561585 61.51486189558664 
8.42103448275862 0.37151262636115867 0.010428173028035375 0.8706042144158208 0.12667075102889788 0.5444424225508991 1.508206437155755 0.008913114147704302 4.829664142695063 0.6621170762674059 64.6733855607836 
8.847931034482757 0.3747566969901336 0.009555896517504837 0.8594685870261548 0.12010576138926911 0.5409155519902488 1.4359466634394102 0.008076639605918312 4.871837060871736 0.637491328012738 67.83802688116694 
9.274827586206897 0.37895374969908313 0.008824153564844998 0.8450898515382576 0.1139461259073978 0.536052213285436 1.3686940946706605 0.007344033900708109 4.926398746088081 0.6170779341303512 71.00810655842176 
9.701724137931034 0.38434867883346446 0.008215116387907725 0.8265961004853521 0.10809825647844538 0.5294625504464382 1.3053472258037286 0.006695935378753847 4.996532824835038 0.6009298215296396 74.18320864094066 
10.128620689655172 0.39136918257410547 0.007718334784254265 0.8027636069403881 0.10245270842739747 0.5205486887688128 1.24481499788969 0.006116297897829833 5.087799373463371 0.5894337972802598 77.36310273356943 
10.55551724137931 0.4005457497015936 0.007329789052414298 0.771735944112261 0.09690022987581952 0.5083593346103684 1.185472851512317 0.005589155833057032 5.207094746120717 0.583353905687437 80.5479417828937 
10.982413793103447 0.4129670433959808 0.007057234401263485 0.7307138017928806 0.09126089741982579 0.49128720992210595 1.1253307458790427 0.005099369796560322 5.36857156414775 0.5843774645555226 83.73829403297236 
11.409310344827585 0.43042638806593303 0.006926245995012457 0.6749180345240674 0.08527476966121127 0.4663512103001211 1.060462803996212 0.004625622347675749 5.59554304485713 0.5958245861286633 86.93589606704225 
11.836206896551722 0.4564753181081852 0.00700642977430666 0.5949855701631344 0.07846287205274047 0.427113293513878 0.9815467959733576 0.004126982128139001 5.934179135406407 0.6252740943167867 90.145516213864 
12.263103448275862 0.5009658406408868 0.007530346914042638 0.46684293944107313 0.06952698561881561 0.3549869213169862 0.8577153527631513 0.003480782760901886 6.512555928331528 0.6962680875452792 93.38350688428616 
12.69 0.6373480697879416 0.010981108346902569 0.08855029313813138 0.04869944919565711 0.07640907336047907 0.24496545490027177 0.000960676946088556 8.285524907243241 1.0506762445328517 96.84584096567508 
