0.31 0.6256690936364595 3.6914349173961165 0.16817588281684737 0.41767174477914554 0.030049241983175757 0.6896481062587818 0.1209529362553398 8.133698217273974 8.628156704366184 11.996796206800923 
0.7368965517241379 0.4094856818418561 0.8804454431174898 0.6385123628021718 0.6336758427061655 0.24255529342159557 3.7867782039511817 0.2409177005275069 5.323313863944129 4.891815724302547 12.964945330310238 
1.1637931034482758 0.3816582680320627 0.42223891146619935 0.741829513094847 0.5722260080186649 0.35297016081250576 5.404117728371307 0.1851525257767095 4.961557484416815 3.705059160278586 14.844637915867324 
1.5906896551724137 0.3755281938919931 0.2494060597914609 0.7821620960396809 0.496494016911557 0.41474678834233525 -0.7564880149702166 0.13728291712864452 4.88186652059591 2.991255928646996 17.042521063705678 
2.0175862068965515 0.37439899186069614 0.16394253109989812 0.806916827186653 0.4305779515476652 0.4532914880438321 -0.66208297448777 0.10328105191624834 4.86718689418905 2.493933393798867 19.484642218898877 
2.444482758620689 0.3730993364862166 0.11510446012016935 0.826855552690969 0.37751330569208685 0.47972240398115185 -0.5811633167455412 0.0793404917418643 4.8502913743208165 2.1214863659620127 22.109297592296535 
2.8713793103448273 0.3713464812589332 0.08477127916503177 0.8434428773599807 0.33488168001776714 0.498646082468216 -0.5145405660707272 0.062250784596022686 4.827504256366132 1.8352719108351687 24.866304920949545 
3.2982758620689654 0.3695117728187196 0.06479874546787973 0.8570602651931772 0.3001780978188126 0.5125360396557012 -0.4599471339101922 0.04982448961967422 4.803653046643355 1.6114420369261553 27.719359401217687 
3.725172413793103 0.3678003802470824 0.051032091202934116 0.8680500157413747 0.2715273127837499 0.5229144183173271 -0.4148880118651675 0.040603346102122975 4.781404943212071 1.4333454029705812 30.643176439788913 
4.15206896551724 0.36640309986576436 0.04118840530691451 0.87676677000835 0.24751611951937358 0.5307582279516285 -0.3773308967065692 0.0336270120508604 4.763240298254937 1.2894385515773081 33.61990271499494 
4.578965517241378 0.36528381079494077 0.03392671896320724 0.8834637020044841 0.22716578346984717 0.5367108923744477 -0.34564804900561613 0.02824472553186827 4.7486895403342295 1.1713059479852947 36.63715151843485 
5.005862068965516 0.36448648028225583 0.028430773753246014 0.8883712861943389 0.2097106052698875 0.5412043263312101 -0.31863673783674246 0.024020800738013662 4.738324243669326 1.0730715301041405 39.68585168090176 
5.432758620689654 0.364017528985607 0.02417940777257669 0.8916525442998844 0.1945812219128315 0.5445312307843604 -0.29537427867775806 0.020653386177908427 4.732227876812892 0.9904377467720064 42.759396897801594 
5.859655172413792 0.36388317308115414 0.020829072393834795 0.8934134833342969 0.1813412571939789 0.5468887006285953 -0.27515411088673225 0.017930364027511077 4.7304812500550035 0.9202442305695292 45.85286736408749 
6.28655172413793 0.3640695616374976 0.018145998381050386 0.8936967937128986 0.16965794412746 0.5484047176745366 -0.25742366786296317 0.015699306392743903 4.732904301287469 0.8601109474260908 48.962570493087284 
6.713448275862068 0.3646722227818098 0.015969589683055237 0.892518863051507 0.1592431813194321 0.5491561033638599 -0.24177031410846844 0.013851563051328399 4.740738896163527 0.8083520039615385 52.08556819724745 
7.140344827586206 0.36564333229347 0.014182413416968851 0.8897900256812984 0.14990299987104827 0.5491678063246844 -0.22783686163874592 0.012303325087109377 4.75336331981511 0.7635376217707907 55.219727102774605 
7.567241379310343 0.3670571819538543 0.012701485091471744 0.8853856028617038 0.14145471138370946 0.5484311637136836 -0.21535558368171068 0.010993730126178967 4.771743365400106 0.7246915617874231 58.363282557232516 
7.994137931034481 0.36898270625511154 0.011465301092755398 0.8790940962050809 0.1337519815489999 0.5468911300310505 -0.2041037684147537 0.009875813440709846 4.79677518131645 0.6910639147669253 61.51486200876119 
8.42103448275862 0.37151302045105006 0.010428178002604802 0.8706043449845522 0.1266706718305722 0.544442422529781 -0.1938962615894737 0.008913119782289319 4.829669265863651 0.6621173921182606 64.67338522688253 
8.847931034482757 0.3747826454502905 0.009556193742650123 0.8594775260029579 0.12010078960939062 0.5409155528847283 -0.18457658595717763 0.008076977292584402 4.872174390853776 0.6375111564456056 67.83800614965715 
9.274827586206897 0.3789802777487483 0.008824430853432125 0.8450993962603683 0.11394126965770546 0.5360522141325329 -0.17600980815156764 0.007344349689258045 4.926743610733729 0.6170973250744507 71.00808661344519 
9.701724137931034 0.38437586193422113 0.008215377284869261 0.826606348950033 0.10809349291093222 0.5294625512902021 -0.16807102727150802 0.006696232779202314 4.996886205144874 0.6009489059536612 74.18318948936869 
10.128620689655172 0.3913695106762566 0.00771833769654313 0.802763736766906 0.10245265328860402 0.520548688749415 -0.16063893565426243 0.006116301211786157 5.0878036387913355 0.5894340196859382 77.3631025185787 
10.55551724137931 0.40057548243191043 0.007330035465195965 0.7717482806494764 0.09689543012952727 0.5083593355460508 -0.15357925952058904 0.005589434317579135 5.207481271614836 0.5833735168737302 80.54792390718596 
10.982413793103447 0.4129995441346669 0.007057489216103674 0.7307278765063082 0.09125584985575998 0.49128721075906856 -0.14671837747660596 0.005099653209582846 5.368994073750669 0.5843985646128219 83.738276541186 
11.409310344827585 0.4304270856774347 0.0069262512779248945 0.6749183463081619 0.08527466527737124 0.4663512102532435 -0.13976427898447621 0.004625628029663702 5.595552113806651 0.5958250405868386 86.93589574743392 
11.836206896551722 0.4564759804951217 0.007006434807989658 0.594985867911634 0.078462776432364 0.4271132935900944 -0.1320634073685617 0.004126987168779261 5.934187746436582 0.6252745435372425 90.14551598674967 
12.263103448275862 0.5009659229280584 0.0075303475979125525 0.4668429740356836 0.06952697414418232 0.3549869213260835 -0.12136667493585382 0.0034807833353658175 6.51255699806476 0.6962681507770005 93.38350687304968 
12.69 0.637347797402529 0.0109811042259359 0.0885502598901213 0.048699485913873984 0.07640907338681077 1.6229663147653202 0.0009606762270603046 8.285521366232878 1.0506758502373357 96.84584074422423 
