2190.273875445251	485.62726560119415	5483.333333333333
2183.1060959810247	486.9247794640662	5483.333333333333
2181.5647335008184	486.7983897007113	5483.333333333333
2176.9423456081668	486.4218883080953	5483.333333333333
2169.252518814055	485.79599661195914	5483.333333333333
2158.518542869779	484.91900519159464	5483.333333333333
2144.773657790692	483.79599294541515	5483.333333333333
2128.0542556643336	482.4281555011606	5483.333333333333
2108.410315089232	480.8174098123121	5483.333333333333
2085.8983658320344	478.96712535657474	5483.333333333333
2060.584156724961	476.88042458791205	5483.333333333333
2032.5399877683524	474.5618824845111	5483.333333333333
2001.844225955931	472.01971027149114	5483.333333333333
1968.584210323247	469.25265308465833	5483.333333333333
1932.8535939229737	466.2723113723214	5483.333333333333
1894.752333952164	463.08251904144225	5483.333333333333
1854.3891224987012	459.68904669794847	5483.333333333333
1811.8748353731746	456.09814912250886	5483.333333333333
1767.32520000633	452.3148657225678	5483.333333333333
1720.8678307919326	448.3422893338618	5483.333333333333
1672.6271900515583	444.18739606280076	5483.333333333333
1622.7405954192839	439.85084799867207	5483.333333333333
1571.3405129090304	435.3345226039877	5483.333333333333
1518.5734792204464	430.6388349442933	5483.333333333333
1464.5804482345395	425.7583801154956	5483.333333333333
1409.515476168564	420.69065826194975	5483.333333333333
1353.5248526984249	415.4268653836308	5483.333333333333
1296.7679698362729	409.96110252896176	5483.333333333333
1239.4008204983256	404.2821349514686	5483.333333333333
1181.5820654982504	398.377028356711	5483.333333333333
1123.4740018966454	392.22678145686825	5483.333333333333
1065.239173777851	385.82161202969047	5483.333333333333
1007.0381786544993	379.1398508899081	5483.333333333333
949.0388964058282	372.1683167193389	5483.333333333333
891.4019245444699	364.8853403327139	5483.333333333333
834.2929592269547	357.27725623710944	5483.333333333333
777.8716296164323	349.32676269267097	5483.333333333333
722.3004797972428	341.0240774771482	5483.333333333333
667.7328347881559	332.3596653920329	5483.333333333333
614.1189235234175	323.25834113402016	5483.333333333333
561.3938766656108	313.527018119094	5483.333333333333
509.7944058891871	303.00740123542187	5483.333333333333
459.5582109635649	291.578071633454	5483.333333333333
410.9283471985444	279.1554550754057	5483.333333333333
364.1420696797715	265.7028038498293	5483.333333333333
319.4296178955135	251.2253451514573	5483.333333333333
277.01543110988337	235.77513270135887	5483.333333333333
237.10213110540525	219.44062218088675	5483.333333333333
199.88217199503438	202.3561274482475	5483.333333333333
165.51575597134217	184.68775972551683	5483.333333333333
134.1402895230861	166.62177778662027	5483.333333333333
105.86796256150315	148.37550657086928	5483.333333333333
80.77894035570368	130.16604373931818	5483.333333333333
58.92816172453506	112.22093126455863	5483.333333333333
40.34362961587364	94.75486567942255	5483.333333333333
25.031993925263933	77.97551804662069	5483.333333333333
12.97587372572765	62.06461165285998	5483.333333333333
4.14380753181751	47.18471032796512	5483.333333333333
-1.5102407478663125	33.46078031373717	5483.333333333333
-4.039599444071065	20.988678131041034	5483.333333333333
-3.5148393909452746	9.828362260683965	5483.333333333333
0.0	0.0	5483.333333333333
6.316258826616984	-8.30683984101934	5483.333333333333
15.249871910429862	-14.933644745026434	5483.333333333333
26.71880639255859	-19.944424505305594	5483.333333333333
40.653390679141644	-23.427941063404862	5483.333333333333
56.979338707161	-25.48314377592571	5483.333333333333
75.62793735949562	-26.223783883679516	5483.333333333333
96.53241021798999	-25.77234751830692	5483.333333333333
119.63908320073247	-24.248415763000303	5483.333333333333
144.9005863701917	-21.779336242298612	5483.333333333333
172.27901587814864	-18.483484538911924	5483.333333333333
201.74205069502364	-14.473416265911531	5483.333333333333
233.27557077137868	-9.85077829557435	5483.333333333333
266.8691021774495	-4.702662639709281	5483.333333333333
302.5199375248185	0.890142834255002	5483.333333333333
340.2261104962932	6.874507455601773	5483.333333333333
379.9868701479061	13.2021521737704	5483.333333333333
421.79905453472475	19.856338405585433	5483.333333333333
465.642525977642	26.83489230108185	5483.333333333333
511.48526970727335	34.158208435850966	5483.333333333333
559.2758743463525	41.87216473223107	5483.333333333333
608.9403798375414	50.05200572998078	5483.333333333333
660.3810620702052	58.79749096612257	5483.333333333333
713.4737649829644	68.23459452290952	5483.333333333333
767.7915262566039	78.42902553640614	5483.333333333333
822.9713736197097	89.32321657610007	5483.333333333333
878.8580157363193	100.87357216978265	5483.333333333333
935.3046491375586	113.02921447864038	5483.333333333333
992.1552512889829	125.73951268760152	5483.333333333333
1049.2591354510444	138.95043688566227	5483.333333333333
1106.4542120959172	152.60772001081946	5483.333333333333
1163.5907628335376	166.65296470665476	5483.333333333333
1220.5066981360787	181.03190391116485	5483.333333333333
1277.0501158907691	195.68565609319015	5483.333333333333
1333.0642623646809	210.5565550947955	5483.333333333333
1388.3972354450418	225.58571938482118	5483.333333333333
1442.8927655736643	240.7132990826246	5483.333333333333
1496.4072013538648	255.88453307871907	5483.333333333333
1548.7896090223544	271.0361723965302	5483.333333333333
1599.8990050798964	286.11175637860504	5483.333333333333
1649.598042274188	301.0487573741104	5483.333333333333
1697.7527724488561	315.78998352711005	5483.333333333333
1744.230699971753	330.2716918135461	5483.333333333333
1788.9119473722333	344.43522798051623	5483.333333333333
1831.6771213543925	358.21975405241056	5483.333333333333
1872.4138639651908	371.5637008551364	5483.333333333333
1911.0141846970014	384.40646756408336	5483.333333333333
1947.3836795531831	396.6881746803823	5483.333333333333
1981.42624498913	408.34627480771536	5483.333333333333
2013.0574272722545	419.3276767663349	5483.333333333333
2042.1968930916432	429.5710386604051	5483.333333333333
2068.7759589484017	439.0244748106609	5483.333333333333
2092.7281250663427	447.63658371257804	5483.333333333333
2113.995142385367	455.3600842833054	5483.333333333333
2132.530164633654	462.14793259099145	5483.333333333333
2148.284408840417	467.96181959461404	5483.333333333333
2161.223893919079	472.76900919904745	5483.333333333333
2171.3190062284784	476.53773365864936	5483.333333333333
2178.5469303193167	479.24689681757195	5483.333333333333
2182.8909177356772	480.8790387668988	5483.333333333333
2184.3393186655385	481.42470329005977	5483.333333333333
2190.273875445251	485.62726560119415	5483.333333333333
