0.31 0.6256690137466187 3.6914347236636944 0.16817585579503053 0.417671839218279 0.030049241991072628 0.753431706605159 0.12095291039884053 8.133697178706042 8.628156251546688 11.996796214185618 
0.435050505050505 0.48265201130559254 1.994052990533705 0.4401795455066385 0.6004538577219305 0.11564428829969 2.114499278774507 0.24188112970760592 6.274476146972703 6.540899657473483 11.903223887081202 
0.5601010101010101 0.4397805714754872 1.347897916771169 0.5470997215823874 0.633510420529302 0.17438530663401533 2.848964092123142 0.25313648409786677 5.717147429181334 5.692256640202516 12.302580533237416 
0.6851515151515151 0.4163280760714808 0.9865865068175839 0.6163689488946341 0.6366577445495699 0.22418858044764842 3.388629741413298 0.24613400583755435 5.412264988929251 5.096627677473853 12.762978578891243 
0.8102020202020201 0.4016350656427491 0.7582000594434878 0.6650454412616413 0.6268145083698426 0.26649154142201964 3.7814318524308015 0.23227211820141427 5.221255853355738 4.631676839772782 13.261457646575161 
0.9352525252525252 0.391928004106159 0.6029548085506264 0.7001472521343979 0.6102814719381234 0.302122068251258 4.055920328626932 0.21582147189775194 5.095064053380067 4.251818986114865 13.79333716426459 
1.0603030303030303 0.3853048944837477 0.4919442408784804 0.7257204341292159 0.5902903447529751 0.3319712763584336 4.235591456202009 0.1988008262754649 5.00896362828872 3.9328465145495457 14.356816283887714 
1.1853535353535354 0.380990093106387 0.4096041817867258 0.7447069803793053 0.5684299285051507 0.3569757546731241 4.343738940600472 0.1823685482854519 4.952871210383031 3.6607780233088754 14.948887582820634 
1.3104040404040405 0.37826110677443414 0.3466447798592304 0.7591584197684673 0.5459013693217809 0.37803418653387727 4.397727637109221 0.16701567361087993 4.917394388067644 3.424924501529752 15.567762071893515 
1.4354545454545455 0.3766664712844269 0.29730253225878295 0.7706106637478009 0.5234319281658709 0.3959392134289466 4.411843887460876 0.15295540062026297 4.89666412669755 3.2177267989189997 16.21135686355673 
1.5605050505050506 0.3756843059658257 0.25777194791163693 0.7800792491357524 0.5016352938964698 0.4113433719509432 4.395444247372543 0.140175373288702 4.883895977555734 3.0329269235128264 16.878309659836308 
1.6855555555555557 0.3751529672352734 0.22556990843240293 0.7883205483377198 0.48071862853056835 0.4247558610944021 4.357259033001358 0.12864841256816317 4.876988574058554 2.8667204795884693 17.566440310102493 
1.8106060606060606 0.374856495244808 0.19894561447378778 0.7957677424326923 0.4608613508103973 0.43655993762267886 4.30287747009336 0.11826851221915913 4.873134438182504 2.715935515160861 18.274127516522782 
1.9356565656565656 0.37458276982720873 0.17664500735015948 0.802644657218139 0.44218665407158475 0.44704027715734646 4.235977190727544 0.10890791207111995 4.869576007753714 2.578046738293486 19.000010129276134 
2.0607070707070707 0.3742599272924678 0.15777337184958284 0.8090883366476396 0.4246869808865769 0.45640632479106175 4.159931186441523 0.10046250650702453 4.865379054802082 2.451382507814457 19.742520214594546 
2.1857575757575756 0.3739276226424967 0.14167718610049265 0.8151942582925713 0.4082692465886535 0.46482029049543755 4.077911883659559 0.09284744752792588 4.8610590943524565 2.334871743083954 20.50000443162445 
2.310808080808081 0.3735720301622697 0.1278446389928881 0.8209954510154711 0.3928748793988079 0.4724084782413859 3.9919707001907656 0.0859721111672475 4.856436392109506 2.2274476868909887 21.27112980501314 
2.4358585858585857 0.3730985080244049 0.1158654788646658 0.8264760545587987 0.3784920312949879 0.47927336958229805 3.9031055108739947 0.07974295847146907 4.850280604317264 2.127978554841265 22.05490120354438 
2.560909090909091 0.3726174388584518 0.10544247012903664 0.8316827065376734 0.36498638355509533 0.48550032437086293 3.8133246380640466 0.07410435673909611 4.844026705159873 2.0359675300724795 22.849923112701035 
2.685959595959596 0.37213749942727603 0.09632421372950853 0.8366235145743747 0.35229172637059836 0.49116176498073344 3.723618728821547 0.06899217790592804 4.837787492554589 1.9507250569577426 23.655179923362766 
2.811010101010101 0.3715757113677264 0.08829790451221513 0.8412750005936591 0.34039448684427465 0.4963198795019229 3.634183963857767 0.06433963986126404 4.830484247780443 1.8714314239442673 24.46996029519577 
2.936060606060606 0.37106585342817744 0.08121222096778448 0.8456882655892831 0.3291674964586528 0.5010284810975962 3.5463849836123287 0.060111143195231954 4.823856094566307 1.7978254253267496 25.293144709579636 
3.0611111111111113 0.3705234703338357 0.0749217717436398 0.8498407270644964 0.31860498221813816 0.5053343541598703 3.4600942026480364 0.05625264570000286 4.816805114339864 1.7292120256635513 26.12418978733781 
3.186161616161616 0.3699855463405296 0.06931735421940137 0.8537517049654376 0.3086407007058431 0.5092783251363161 3.375812940897672 0.05272841253356771 4.809812102426885 1.6652172208327605 26.962352279781758 
3.311212121212121 0.36945738787855276 0.06430528873115542 0.8574301633587096 0.2992290050688441 0.5128961196992814 3.2937596860418386 0.04950385621782801 4.802946042421186 1.605442701569399 27.807025523274323 
3.4362626262626264 0.36894403816284016 0.05980709649258763 0.8608852109172198 0.29032794275654045 0.516219080442388 3.214081552176777 0.04654839034758194 4.796272496116922 1.5495306885499567 28.657662293149997 
3.561313131313131 0.3684473740534767 0.05575647013808401 0.8641249963228751 0.28190029498134744 0.5192747703034265 3.136854684679638 0.043834732787898116 4.789815862695197 1.49715424781077 29.51377423513466 
3.6863636363636365 0.3679718017114032 0.05209745418916273 0.8671584539460462 0.2739107143393874 0.5220874829824256 3.0621271918571624 0.04133892480948503 4.783633422248242 1.4480240973162435 30.374915220802606 
3.8114141414141414 0.36751779213295876 0.048782213043498154 0.8699930952593262 0.2663283524336547 0.5246786771678081 2.9898952807642 0.039039474294781676 4.777731297728464 1.4018732666275648 31.24068865456247 
3.9364646464646467 0.3670593769512084 0.04576841399420864 0.8726278109293106 0.2591355189764973 0.5270673446905197 2.9200059909256755 0.036915734276860006 4.771771900365709 1.3584177037512424 32.110781212929574 
4.0615151515151515 0.3666815680298796 0.04302568431122575 0.8750965344839609 0.25227195907982347 0.5292703303377624 2.8528181208906003 0.034955871232611534 4.766860384388435 1.317579953266936 32.9847207359338 
4.186565656565657 0.3663015611465992 0.040519166588761917 0.8773794634707345 0.24574741029719754 0.5313025919559222 2.787876912664233 0.03313979464856646 4.7619202949057895 1.279026447895315 33.86235642972723 
4.311616161616161 0.36594847546274856 0.03822430451720989 0.8794920620220408 0.23952827281262043 0.5331774401879525 2.7252524793199657 0.03145580300767338 4.757330181015731 1.2426270344197612 34.743370321948056 
4.4366666666666665 0.36562162618471294 0.036118345773077876 0.8814399408126092 0.23359470289052472 0.5349067318196499 2.6648672203212893 0.02989185714827881 4.753081140401268 1.2082192934770295 35.62752013485451 
4.561717171717171 0.36532327576677737 0.0341815959501164 0.8832292324052061 0.22792736545672407 0.5365010404216682 2.606652600711033 0.028437336929637663 4.749202584968105 1.1756601724570703 36.51458060841824 
4.686767676767676 0.3650520675670994 0.03239668894294759 0.8848645405332868 0.22250970684723836 0.5379698030774384 2.550522320712887 0.02708256702614059 4.745676878372292 1.1448146186783599 37.40435168176776 
4.8118181818181816 0.3647826261331698 0.03074749193573988 0.8863427411437657 0.21733459544578693 0.5393214454134067 2.496293267853095 0.025817876605553902 4.742174139731207 1.1155268283909319 38.296685740440964 
4.936868686868687 0.36459283430983525 0.029223601597755066 0.8876917832313311 0.2123610966854778 0.5405634949606439 2.444198152742193 0.02463876639057742 4.739706846027858 1.087793423259346 39.19129993509985 
5.061919191919191 0.36440613302805414 0.027810340247393473 0.8888920912444394 0.20760178574611476 0.541702666746136 2.393848808225565 0.023535077559972105 4.737279729364704 1.0614086547155621 40.088151667325555 
5.186969696969697 0.36424693080285575 0.026498214024428337 0.8899544683314916 0.20303597237867463 0.542744953527817 2.3452654205751764 0.022501548881266455 4.735210100437125 1.036314151468109 40.987063358967816 
5.312020202020202 0.3641166464132167 0.02527802643795849 0.8908822792673358 0.1986517288632621 0.5436956917558715 2.2983771361147407 0.02153256162533595 4.733516403371818 1.0124276468983193 41.887902857890644 
5.437070707070706 0.3640139724850828 0.024141514173763295 0.8916776476640325 0.19443883706247891 0.5445596237831236 2.2531050774868593 0.0206229405356533 4.7321816423060765 0.9896704455811637 42.79055226570413 
5.562121212121212 0.3639411184258524 0.02308141305470441 0.8923433323289274 0.19038677165138068 0.5453409503052843 2.2093856487800885 0.019768112495147285 4.731234539536081 0.9679745887616639 43.69489855669987 
5.687171717171717 0.3638970248148675 0.022091137897597556 0.8928806913986078 0.18648672136026712 0.546043376285247 2.167145829218355 0.01896382413145902 4.730661322593278 0.9472738367577966 44.60084170969901 
5.812222222222222 0.36388195313958227 0.02116482689431199 0.8932910572480454 0.18273011975452064 0.5466701499200163 2.1263199905967203 0.0182062514166736 4.73046539081457 0.9275088148553092 45.508287832470074 
5.937272727272727 0.36389579285949647 0.02029720846337023 0.8935752264458542 0.17910910497912322 0.5472240963265282 2.0868437924605385 0.01749190328263139 4.730645307173454 0.9086244629907997 46.4171506750842 
6.062323232323232 0.36391497201767853 0.019482974577486527 0.8937265781527008 0.1756227993539113 0.5477076451926596 2.0485787192827125 0.016816967799179683 4.730894636229821 0.8905441737816118 47.32737831371904 
6.187373737373737 0.36401389866771594 0.018719646458922785 0.8937672412656202 0.17224394742724194 0.5481228592760158 2.0117091434563568 0.016180538247254215 4.7321806826803074 0.8733033102665221 48.23880877585362 
6.312424242424242 0.36411919536380877 0.018001590652381 0.893674882709 0.16898633591186626 0.548471445827995 1.9759381810656917 0.015577985608012835 4.733549539729514 0.8567777414541944 49.15146071282131 
6.437474747474747 0.36423007112395234 0.017325361670996048 0.8934483116599641 0.16584386837436121 0.5487547806093392 1.9412132436218945 0.01500692911837254 4.73499092461138 0.8409282884805364 50.06527009221439 
6.562525252525252 0.3644232838878313 0.01668943910435299 0.893109076647985 0.1627910830009423 0.5489739210126948 1.9077198211206672 0.01446697492025324 4.737502690541807 0.8257980313653954 50.98009233806573 
6.6875757575757575 0.3646251656707957 0.016089362139713452 0.8926332882677173 0.15984194563995988 0.5491296072860734 1.8751793536369221 0.013954305347839929 4.740127153720344 0.8112760517022295 51.895955525501684 
6.812626262626262 0.3648358912005437 0.015522627074643577 0.8920185777302607 0.1569912496341775 0.5492242658307411 1.8435476638977044 0.013467095201658641 4.742866585607068 0.7973351363339872 52.812810359324175 
6.937676767676767 0.36512986662820857 0.014988157437160927 0.8912844687946773 0.15421619184201246 0.5492538641292571 1.812997384111314 0.01300520612121718 4.746688266166712 0.7840132863384619 53.73052519189542 
7.0627272727272725 0.3654352804031614 0.01448246056728612 0.8904058975873159 0.15153021954549623 0.5492204419520909 1.7832722448080185 0.01256548737131998 4.750658645241098 0.7712157768097194 54.649135786948094 
7.187777777777778 0.3657527476455318 0.014003603717720805 0.8893789525686394 0.14892894444685112 0.5491235294883833 1.7543341050313936 0.012146517739136223 4.754785719391913 0.7589192492972505 55.56859979404248 
7.312828282828282 0.36613343563213296 0.013550662391632306 0.8882146348941004 0.1463966165104263 0.5489623507864709 1.7262852619516325 0.011747928950505597 4.759734663217729 0.7471486484566429 56.488827975505224 
7.4378787878787875 0.36655402389596636 0.013121547369622046 0.8869006245915075 0.1439353405115763 0.5487358111249234 1.6990185629161951 0.011367976088541277 4.765202310647563 0.735860114291066 57.40980946417411 
7.562929292929293 0.36701571284466084 0.012714745102515248 0.8854313802609017 0.14154161188537692 0.5484424887874256 1.6724977092369737 0.011005495881437597 4.7712042669805905 0.7250347339755755 58.33151089566713 
7.687979797979797 0.3675219117741332 0.012328899988189368 0.8838013264602186 0.13921164713609643 0.5480806194288728 1.6466932197287023 0.010659444874540217 4.777784853063731 0.7146570419929855 59.25389922549529 
7.8130303030303025 0.36809773200787843 0.01196308317845873 0.8820109928782163 0.1369371966199485 0.5476480775053768 1.6216323873547978 0.010329208047402198 4.78527051610242 0.7047315998498557 60.17692382370107 
7.938080808080808 0.3686973392595505 0.011615419381161578 0.880037685898564 0.1347255892680479 0.5471423504236449 1.597158529179976 0.01001305573491634 4.793065410374156 0.6952028196636305 61.10060184920846 
8.063131313131313 0.36932175042031146 0.011284856545945196 0.877872363087755 0.1325738918286174 0.5465605150299093 1.5732405395710942 0.009710140644060084 4.801182755464049 0.6860580896486587 62.02490788393603 
8.188181818181818 0.37005086039929236 0.010971479056658356 0.8755305941941443 0.1304630495045422 0.5458992061126139 1.5500434620344679 0.00942085939739559 4.810661185190801 0.677350990814691 62.9497494763586 
8.313232323232324 0.3708103024164888 0.01067332654976135 0.8729772103368344 0.12840649096807386 0.5451545693656377 1.5273441752898242 0.009143261051436589 4.820533931414355 0.6690072570500628 63.87517330655399 
8.438282828282828 0.37162936433770255 0.010389934721594302 0.8702092508648274 0.12639608205017366 0.5443222253569167 1.5051804153119204 0.00887704875865777 4.831181736390133 0.6610404129082182 64.80113574979464 
8.563333333333334 0.3725126748762059 0.010120563133672192 0.8672145481459442 0.12442901649786083 0.5433972117263604 1.4835274549516517 0.00862158000403306 4.842664773390676 0.653444402927322 65.72761702467804 
8.688383838383839 0.3734633347036942 0.009864511891953458 0.8639790154821428 0.12250293630347998 0.5423739220485453 1.4623564302928518 0.008376225568024734 4.8550233511480245 0.6462130351510877 66.65460046690472 
8.813434343434343 0.37446056189419097 0.009620862294872735 0.8604787872731013 0.12062020082213956 0.5412460317868867 1.4415824903458772 0.008140075804120853 4.867987304624482 0.6393229378804143 67.58209034363003 
8.93848484848485 0.3755875260364717 0.009389946181392354 0.8567239651317853 0.11876331474247592 0.5400064177713503 1.4213611492368976 0.007913610233642981 4.882637838474133 0.6328315542571756 68.51000934143148 
9.063535353535354 0.37677184830190746 0.009170347720794243 0.8526693186996833 0.11694482992965659 0.5386470479152734 1.401485515491448 0.00769529201325797 4.898034027924797 0.6266781476486618 69.43840691182882 
9.18858585858586 0.3780196779056688 0.008961625649325778 0.8482940844881662 0.1151621265801223 0.5371588715211906 1.3819316584836228 0.007484658892720273 4.914255812773694 0.6208641600063133 70.36727034573953 
9.313636363636364 0.3793895599119107 0.008763922885178002 0.8435939757696742 0.11340316430805025 0.5355316774222553 1.3627894307907695 0.0072818814327809235 4.932064278854839 0.6154303921885941 71.29654979157785 
9.438686868686869 0.38089088656375636 0.00857687061020306 0.8385449600946677 0.11166536421753255 0.5337539240751927 1.3440335175249598 0.007086513926555461 4.951581525328833 0.6103817658207995 72.2262364550545 
9.563737373737375 0.382479883132268 0.008399615613583275 0.8331002263440276 0.10995572236345862 0.5318125397757858 1.3255208972311676 0.00689752147696655 4.972238480719484 0.6056868825414077 73.15636222616445 
9.68878787878788 0.38416348121549304 0.00823188294677381 0.8272274570914548 0.10827198334031632 0.5296926871737533 1.3072185851903069 0.006714487815747557 4.99412525580141 0.6013533692252443 74.0869228029719 
9.813838383838384 0.3860094870838465 0.008074008820194902 0.8209134597048837 0.10660145068633475 0.527377473668185 1.2892181354441408 0.0065376494298302525 5.0181233320900045 0.5974330382587788 75.0178743679342 
9.93888888888889 0.38800259297440043 0.00792555453414233 0.8141094278516992 0.1049462727380016 0.5248475947789922 1.2714271437274156 0.006366309785390297 5.044033708667206 0.593920900230071 75.94923575276624 
10.063939393939394 0.39018599637156215 0.007786671239641772 0.8067835563052732 0.10329859698758218 0.5220809069593052 1.2538706170572829 0.006200387566556333 5.072417952830308 0.5908550692594325 76.88098896186372 
10.188989898989899 0.39249060624801024 0.0076565435845968735 0.7988536790580066 0.10166970419263607 0.519051888294377 1.2363339953079353 0.006038635329870311 5.102377881224133 0.5881999796858796 77.81319457156444 
10.314040404040405 0.39504935190418555 0.007536204039410348 0.7903099605840705 0.1000369825635646 0.5157309825408394 1.219009941413026 0.005881831016738726 5.135641574754413 0.5860606886261066 78.74578495505543 
10.43909090909091 0.3977681020601169 0.00742473924765629 0.7810433810371971 0.09841592438844297 0.512083746981775 1.2016154445225904 0.005728447618329185 5.17098532678152 0.5843929932191432 79.67884524814986 
10.564141414141414 0.4007604589459516 0.007323090328721766 0.7710181412339773 0.09678779457737588 0.5080697969179768 1.1842754220169185 0.005578952119765628 5.209885966297371 0.5832969581835445 80.61233525489331 
10.68919191919192 0.40402671642901233 0.0072312891070629515 0.7601401224009509 0.09515277581336014 0.5036414178203333 1.1668679784956355 0.005432640556008393 5.25234731357716 0.5828029133390633 81.54629494397876 
10.814242424242424 0.40760023322501315 0.007149731223748958 0.7483132385532462 0.09350582321826555 0.49874176827857863 1.1493162706566857 0.005289048848875211 5.298803031925171 0.5829709732143457 82.48075385291949 
10.93929292929293 0.4115563251572475 0.007079244395640954 0.7354404004804657 0.09183556828904373 0.4933024899773398 1.1315969441840563 0.0051479774778892765 5.350232227044217 0.5838983822243491 83.41573137190389 
11.064343434343435 0.41588028537863164 0.007020069985956811 0.7213619687085823 0.09014501511100033 0.487240476245242 1.1134762782262457 0.005008289737823322 5.406443709922211 0.585636590975914 84.3513132940502 
11.18939393939394 0.42062890534337527 0.0069731909842263365 0.7059180305432228 0.08842612171363427 0.48045343482795755 1.0948133570195624 0.004869312499498039 5.468175769463879 0.588300528438531 85.28756540227569 
11.314444444444446 0.42594544508793863 0.006940468273686193 0.6889474053930198 0.08665813457039796 0.472813636545264 1.0755665062435904 0.004730838901968676 5.537290786143203 0.5920837230097985 86.22453977011835 
11.43949494949495 0.43188832904710484 0.006923407073773632 0.670199148086339 0.08483382874849077 0.46415888425327984 1.055444120231745 0.004591583832939072 5.6145482776123625 0.5971560446576983 87.16237203590129 
11.564545454545454 0.43857500499738145 0.006924395272598487 0.6493763948488606 0.0829375430193892 0.45427908588063703 1.0341425114198537 0.004450265772656195 5.701475064965959 0.6037700041447169 88.1012229786674 
11.68959595959596 0.4461594808093251 0.006946724193874227 0.6260975597308138 0.08094889279060861 0.44289554271952175 1.011244891955888 0.004305176535794164 5.800073250521226 0.6122667445314793 89.04131612347295 
11.814646464646465 0.4548899056443847 0.006995352480793028 0.5998758422212862 0.07883467087747774 0.4296276028247626 0.9862318314612637 0.004154247901999854 5.913568773377001 0.623148347268889 89.98295703192886 
11.93969696969697 0.46492010672230133 0.007076047374607113 0.5699565196349553 0.07657645208882215 0.4139360147011421 0.9579759991160332 0.003992964491482934 6.043961387389917 0.6370083875855266 90.92666727702434 
12.064747474747476 0.47678807491787567 0.007200082864702977 0.5353920551946424 0.07410200237403385 0.39501995828952385 0.9253033643558612 0.0038168054983288495 6.1982449739323835 0.6549631186239018 91.87314321598168 
12.18979797979798 0.4910764168453762 0.007383852651366402 0.4946133373545402 0.07133551024619235 0.37161219078788554 0.8857478760924201 0.003616160813020105 6.38399341898989 0.6786418596935349 92.82363155981477 
12.314848484848484 0.5088248019618897 0.007657089650996958 0.4449985440331531 0.06814028451569305 0.34151706714285296 0.8348247048127327 0.003373652479581068 6.614722425504566 0.7109743276963724 93.78037592875351 
12.43989898989899 0.5320888719249768 0.008081587350069518 0.38145017162738215 0.06424435984654149 0.30034961761490575 0.7628241716125733 0.003051699146664001 6.917155335024698 0.7580094845425867 94.74809961525577 
12.564949494949495 0.5655648207578862 0.008820231518519366 0.2907860406111439 0.05902390624215613 0.23669851589520988 0.6407802810310487 0.0025379468068895995 7.35234266985252 0.83560657113842 95.73981563728168 
12.69 0.6369715643417974 0.010975411212439301 0.08850437158226071 0.04875020325102799 0.07640907241439436 0.244712178863265 0.0009596836280989065 8.280630336443366 1.0501311407370082 96.84553490157612 
